0.003027
0.001522
0.214629
0.093164
0.008818
0.003378
0.892786
0.332492
0.015143
0.005191
1.963804
1.189506
0.039593
0.012946
8.431113
3.369193
0.067162
0.021974
30.430065
12.828517
0.279945
0.092333
305.655073
133.125911
  16773.3199
  31195.5205
  751.6949
  1785.9650
  13170.0105
  29944.0375
  421.5423
  1090.3404
  12291.3449
  30433.5061
  19152.9842
  6082.6192
  10304.4288
  27781.4513
  5780.0784
  4932.2213
  9663.7335
  26996.1809
  59930.5167
  20694.6118
  11007.4448
  24545.1999
  53850.7492
  18826.3475
  0.3247
  0.2823
  0.0401
  0.0524
  0.3432
  0.2899
  0.0348
  0.0958
  0.3775
  0.2798
  0.1266
  0.1537
  0.3799
  0.3222
  0.3793
  0.2056
  0.3750
  0.2941
  0.4486
  0.3813
  0.3401
  0.3729
  0.4911
  0.3826
 0.0168 
 0 
 0 
 0.0185 
 0 
 0 
 0.0176 
 0.0182 
 0 
 0 
 0.0361 
 0.0362 
 0 
 0.0182 
 0.1423 
 0.0726 
 0 
 0 
 0.5911 
 0.2344 
 0.0181 
 0 
 5.5632 
 2.3376 
 832.0818 
  0
 3065.5556 
  0
 2410.3561 
  0
 5405.0067 
  0
 1241.1388 
  0
 4286.1248 
  0
 2274.1080 
  0
 5990.3293 
  0
 1424.5608 
  0
 5041.1100 
  0
 1704.1128 
  0
 3573.5430 
  0
 1659.6127 
  0
 5450.4634 
  0
 1889.0557 
  0
 4736.8099 
  0
 1741.1897 
  0
 5891.1692 
  0
 1083.7791 
  0
 2621.6503 
  0
 1658.7988 
  0
 5473.3860 
  0
 879.0016 
  0
 2013.3151 
  0
